year	timepoint	pond	treatment	count	weight_fr	area
2021	0	1	starting	30	0.230833333	0.1790942
2021	0	1	starting	30	0.233333333	0.187774383
2021	0	1	starting	30	0.220833333	0.183336592
2021	4	1	Control	400	0.14275	0.168326856
2021	4	1	Herbivory	400	0.13625	0.130744593
2021	4	2	Control	400	0.17525	0.176779983
2021	4	2	Herbivory	400	0.16625	0.140503153
2021	4	3	Control	400	0.1775	0.181909678
2021	4	3	Herbivory	400	0.1595	0.155153969
2021	4	4	Control	400	0.15275	0.163836861
2021	4	4	Herbivory	400	0.16075	0.140744591
2021	4	5	Control	400	0.13925	0.161596278
2021	4	5	Herbivory	400	0.157	0.132743501
2021	4	6	Control	400	0.158	0.168948255
2021	4	6	Herbivory	400	0.167	0.148052738
2021	4	7	Control	400	0.13825	0.157806973
2021	4	7	Herbivory	400	0.15775	0.140423928
2021	4	8	Control	400	0.14325	0.161855442
2021	4	8	Herbivory	400	0.1595	0.133005711
2021	4	9	Control	400	0.14	0.162402541
2021	4	9	Herbivory	400	0.155	0.15304398
2021	4	10	Control	400	0.13175	0.157686049
2021	4	10	Herbivory	400	0.132	0.12006355
2021	8	1	Control	400	0.20175	0.15315001
2021	8	1	Herbivory	400	0.232	0.14468314
2021	8	2	Control	400	0.17725	0.154949285
2021	8	2	Herbivory	400	0.21175	0.13787088
2021	8	3	Control	400	0.1935	0.163818006
2021	8	3	Herbivory	400	0.208	0.137952087
2021	8	4	Control	400	0.1655	0.155771745
2021	8	4	Herbivory	400	0.19575	0.14020133
2021	8	5	Control	400	0.19775	0.162469732
2021	8	5	Herbivory	400	0.229	0.120638043
2021	8	6	Control	400	0.18575	0.168814399
2021	8	6	Herbivory	400	0.19325	0.150860992
2021	8	7	Control	400	0.19925	0.16131016
2021	8	7	Herbivory	400	0.2175	0.132394038
2021	8	8	Control	400	0.193	0.16477672
2021	8	8	Herbivory	400	0.242	0.142466373
2021	8	9	Control	400	0.16925	0.179610169
2021	8	9	Herbivory	400	0.19475	0.153476708
2021	8	10	Control	400	0.18225	0.154319412
2021	8	10	Herbivory	400	0.2085	0.135431707
2021	12	1	Control	400	0.40475	0.324975947
2021	12	1	Herbivory	400	0.46575	0.282968071
2021	12	2	Control	400	0.294	0.267400664
2021	12	2	Herbivory	400	0.40425	0.259421094
2021	12	3	Control	400	0.32475	0.277804875
2021	12	3	Herbivory	400	0.358	0.242915752
2021	12	4	Control	400	0.3655	0.302722454
2021	12	4	Herbivory	400	0.34925	0.220098773
2021	12	5	Control	400	0.3375	0.307664048
2021	12	5	Herbivory	400	0.43825	0.246662318
2021	12	6	Control	400	0.35675	0.286909877
2021	12	6	Herbivory	400	0.4555	0.293759241
2021	12	7	Control	400	0.345	0.317669833
2021	12	7	Herbivory	400	0.39775	0.250192841
2021	12	8	Control	400	0.35025	0.297446449
2021	12	8	Herbivory	400	0.501	0.264894873
2021	12	9	Control	400	0.3495	0.314379796
2021	12	9	Herbivory	400	0.4205	0.268927214
2021	12	10	Control	400	0.28475	0.265662273
2021	12	10	Herbivory	400	0.465	0.264758954
2022	42	1	Control	50	0.198	0.111131069
2022	42	1	Herbivory	50	0.348	0.126461303
2022	42	2	Control	50	0.288	0.149661377
2022	42	2	Herbivory	50	0.286	0.101618115
2022	42	3	Control	50	0.262	0.091849124
2022	42	3	Herbivory	50	0.228	0.147355726
2022	42	4	Control	50	0.294	0.175256162
2022	42	4	Herbivory	50	0.216	0.10732129
2022	42	6	Control	50	0.356	0.18184488
2022	42	6	Herbivory	50	0.34	0.103267908
2022	42	7	Control	50	0.368	0.164502062
2022	42	7	Herbivory	50	0.278	0.114879288
2022	42	8	Control	50	0.276	0.136393528
2022	42	8	Herbivory	50	0.1898	0.095912012
2022	42	10	Control	50	0.164	0.116401695
2022	42	10	Herbivory	50	0.284	0.109561535
2022	46	10	Control	80	0.1325	0.089534944
2022	46	10	Herbivory	80	0.18875	0.077582239
2022	46	1	Control	80	0.14	0.074181778
2022	46	1	Herbivory	80	0.1575	0.065257711
2022	46	2	Control	80	0.13625	0.069410172
2022	46	2	Herbivory	80	0.14625	0.079954556
2022	46	3	Control	80	0.14375	0.077415129
2022	46	3	Herbivory	80	0.15	0.071001566
2022	46	4	Control	80	0.14375	0.093460401
2022	46	4	Herbivory	80	0.15125	0.072999892
2022	46	6	Control	80	0.16125	0.088956471
2022	46	6	Herbivory	80	0.175	0.061417711
2022	46	7	Control	80	0.185	0.098143927
2022	46	7	Herbivory	80	0.17875	0.078514742
2022	46	8	Control	80	0.1775	0.107472027
2022	46	8	Herbivory	80	0.17875	0.075550899
2022	50	1	Control	80	0.2	0.12022153
2022	50	1	Herbivory	80	0.17125	0.080785378
2022	50	2	Control	80	0.155	0.085182664
2022	50	2	Herbivory	80	0.2125	0.098047748
2022	50	3	Control	80	0.19375	0.106595174
2022	50	3	Herbivory	80	0.195	0.095442782
2022	50	4	Control	80	0.18125	0.101102295
2022	50	4	Herbivory	80	0.1975	0.103291884
2022	50	6	Control	80	0.215	0.101334743
2022	50	6	Herbivory	80	0.1875	0.077716223
2022	50	7	Control	80	0.2025	0.118629691
2022	50	7	Herbivory	80	0.17	0.097542956
2022	50	8	Control	80	0.20375	0.123054814
2022	50	8	Herbivory	80	0.24125	0.101854041
2022	50	10	Control	80	0.21	0.126484172
2022	50	10	Herbivory	80	0.175	0.095382116
2022	55	1	Control	80	0.245	0.146244005
2022	55	1	Herbivory	80	0.19125	0.101257163
2022	55	2	Control	80	0.225	0.127279697
2022	55	2	Herbivory	80	0.18625	0.10140821
2022	55	3	Control	80	0.18375	0.11244657
2022	55	3	Herbivory	80	0.2275	0.106319856
2022	55	4	Control	80	0.19125	0.105585716
2022	55	4	Herbivory	80	0.19125	0.097877974
2022	55	6	Control	80	0.12875	0.101136722
2022	55	6	Herbivory	80	0.195	0.073625999
2022	55	7	Control	80	0.18375	0.128383801
2022	55	7	Herbivory	80	0.22125	0.113198456
2022	55	8	Control	80	0.20125	0.138504088
2022	55	8	Herbivory	80	0.2275	0.099724197
2022	55	10	Control	80	0.205	0.129708515
2022	55	10	Herbivory	80	0.1525	0.106882559
2022	58	10	Control	80	0.15875	0.09778343
2022	58	10	Herbivory	80	0.19375	0.107293042
2022	58	1	Control	80	0.22875	0.119949052
2022	58	1	Herbivory	80	0.185	0.095457664
2022	58	2	Control	80	0.16	0.087433784
2022	58	2	Herbivory	80	0.175	0.080195506
2022	58	3	Control	80	0.155	0.096304584
2022	58	3	Herbivory	80	0.26625	0.091632844
2022	58	4	Control	80	0.1475	0.084138338
2022	58	4	Herbivory	80	0.2075	0.080598738
2022	58	6	Control	80	0.135	0.086977836
2022	58	6	Herbivory	80	0.16	0.055668991
2022	58	7	Control	80	0.16375	0.114588179
2022	58	7	Herbivory	80	0.135	0.087981282
2022	58	8	Control	80	0.155	0.103412733
2022	58	8	Herbivory	80	0.255	0.106424173